time,x,y,z,phi,theta,psi,x_velocity,y_velocity,z_velocity,phi_velocity,theta_velocity,psi_velocity,rotor_speed1,rotor_speed2,rotor_speed3,rotor_speed4
0.06,8.609599298946996e-08,-2.3529505374096694e-08,10.002652601417536,6.283152140811154,6.283011677564051,0.0,1.0835096219743704e-05,-2.4238770347109725e-06,0.08841658864866098,-0.001681989955072162,-0.0094215946504086,0.0,434.1283692205183,433.33730486494477,432.75571487476435,432.61415078385943
0.12000000000000001,6.836296280105535e-06,-1.1026617394462058e-06,10.01208473304078,5.637600167318624e-05,6.282395992255896,0.0,0.0002776292467777039,-3.34539087336364e-05,0.22596980142997103,0.007186184448702235,-0.011996321557492156,0.0,448.40190273779945,448.1928532708693,448.69045826426026,449.4096883923209
0.18,4.467950234364931e-05,-2.4839126989718938e-08,10.03084069414455,0.0004520458336934041,6.281492046684189,0.0,0.001074440763698739,0.00011606206613268052,0.39918360295284094,0.005384014726607583,-0.022045983509659185,0.0,460.4107401519845,459.6151798920837,459.2948019176048,459.1517660750264
0.23999999999999996,0.00014758303680222702,1.7066472718903036e-05,10.056977497461189,0.0004186941165356117,6.280200515055267,0.0,0.00248368520680646,0.0004716972909753628,0.4720151100908603,-0.016385783374330706,-0.020504520152942407,0.0,429.20928735243143,429.34004607075934,428.4002455786126,426.5454662055433
0.3,0.00036273874664622573,5.015090228563355e-05,10.088230294919914,6.282381123701516,6.2789862089982975,0.0,0.004812288014425035,0.0005205146409925712,0.5697002086025859,-0.02989148913906051,-0.01971154984998008,0.0,436.8688580293258,436.9349775091139,436.4937646524373,435.36537173943856
0.36000000000000004,0.0007428768147122273,5.7764675805412456e-05,10.12557345843399,6.280176873644747,6.278279818762458,0.0,0.00795227159674605,-0.00046620210034247205,0.6750143718656321,-0.056187358095479055,0.0006487496556289909,0.0,438.0121914592468,439.7020041275166,440.1113385443391,437.929004781621
0.4200000000000001,0.001328200953195788,-5.011444905712912e-05,10.17051927273821,6.276281821502847,6.27788811393984,0.0,0.011570112835247993,-0.0035123303936443655,0.8230824134445062,-0.09476896556787083,-0.027473567578601636,0.0,452.93047605836097,450.6634537845747,454.5273813423476,451.421575949059
0.48000000000000015,0.0021651203860254603,-0.00046392168383959054,10.227765610662594,6.270560666291161,6.275754607907235,0.0,0.01655224995331599,-0.010997931873156615,1.0849098471095031,-0.09654523225810194,-0.06120356874934184,0.0,488.48845965309476,485.9663485938579,485.37204280726723,485.23183261065554
0.5400000000000001,0.003322191954251819,-0.0014006264731363021,10.295426205832696,6.264973242351546,6.27220404055033,0.0,0.02237645536823189,-0.020791733588859496,1.1703478782185235,-0.08703857301915467,-0.055403285024414294,0.0,432.3894555100815,432.8751984823645,433.9343694356,434.7239879035609
0.6000000000000002,0.004918475327643763,-0.003066802655628008,10.369853237241818,6.260285806749273,6.26871020879873,0.0,0.03119845961228874,-0.03527468665947156,1.3103875138893795,-0.06452697609941191,-0.06458491593973432,0.0,450.1334213828379,449.38752519856996,451.0438878603732,452.8531091809374
0.6600000000000003,0.007141950702169624,-0.00572961710848859,10.453945080236268,6.256313220001394,6.264623073147323,0.0,0.0433672239547021,-0.05392782639315054,1.4924352655977198,-0.06980586315903207,-0.07633307260779618,0.0,464.0628065749213,463.13646214372955,464.57785322930846,464.16073760044503
0.7200000000000003,0.0101976205187673,-0.009611206409940048,10.549190016483418,6.252131120002353,6.259954158203943,0.0,0.05901636506173993,-0.07593341922151078,1.6821105711214126,-0.06949419284682688,-0.08095584137572943,0.0,468.0950748859733,467.73073145369693,465.6344322333782,465.655357175598
0.7800000000000004,0.014270171297437932,-0.014868100568330416,10.654473310928251,6.247569966034396,6.255100253453328,0.0,0.07725771613735713,-0.09975777521179707,1.8270816164065882,-0.09410825050192885,-0.08078387352804081,0.0,453.51045763612126,453.51912941939,455.22886752882175,453.25044020572716
0.8400000000000004,0.019633830697378493,-0.021774475874819517,10.771548653539526,6.2419568393822455,6.250391466214854,0.0,0.10211043982991654,-0.13113612808572556,2.0749663864229206,-0.09246319124024936,-0.07423197383025947,0.0,485.52621426582857,486.0131283471491,484.06826050782433,484.18540717394075
0.9000000000000005,0.02641799307059048,-0.030469013921468308,10.897943850965943,6.236873963741125,6.246490499514035,0.0,0.12442338080045896,-0.1591862861414147,2.1380509016518467,-0.07253560506065831,-0.05106480315000601,0.0,427.9392461084257,429.90314901421624,429.4591820557436,431.13969878376355
0.9600000000000005,0.034695809037185804,-0.041046800697378205,11.030337423110337,6.232488086148301,6.2432133060180846,0.0,0.15183320540463519,-0.19386309709748126,2.2747648742520994,-0.07424642415554017,-0.06289278476805416,0.0,453.90801709167835,452.95587617196713,453.05444220458554,452.9128334119116
1.0200000000000005,0.044644246355624105,-0.05374147080153438,11.169773245005683,6.228130025368808,6.240228025976297,0.0,0.18010842674938518,-0.2297298672273008,2.372852676384941,-0.0695924148588203,-0.031630618445566715,0.0,441.0765802198305,443.64891635920685,441.0842403827617,441.46427436972584
1.0800000000000005,0.056538629019510046,-0.06892709704738251,11.319561043706358,6.22366105310217,6.237870085276221,0.0,0.21660037051835748,-0.27695912151925417,2.619490333090424,-0.08669464806580347,-0.06264680286154246,0.0,487.1306683817878,484.80501946337387,488.64167253021196,487.3612099705454
1.1400000000000006,0.0705269695733933,-0.08684790706756954,11.480607143543862,6.219436541280352,6.234594439752243,0.0,0.250033095737101,-0.3208708256585331,2.74835248722499,-0.049425392932136956,-0.042034702859257575,0.0,452.01850708763885,453.6744333155882,452.05812543703803,455.0470350670041
1.2000000000000006,0.08661838938065121,-0.10752766719486223,11.650006850074943,6.216454597562361,6.231652467132168,0.0,0.28662025912768746,-0.36875583491203395,2.8978871514224003,-0.05025190124158309,-0.06914946492598241,0.0,460.9303497528811,458.78088694062876,460.7193722711319,460.65256998901253
1.2600000000000007,0.10508724864752775,-0.13128800444334868,11.830472488076397,6.213856053445527,6.227361044162311,0.0,0.3294815660321281,-0.42354846407048063,3.1169939064330645,-0.032155859116411306,-0.07675100633785752,0.0,481.13132769466637,480.5519320906923,482.0895501382283,483.45398495094435
1.3200000000000007,0.12595707683504084,-0.15805460106525587,12.01920733251057,6.21139088364588,6.2224677374849975,0.0,0.3666212182505192,-0.46885749598067283,3.1739526297117675,-0.07250622325574481,-0.09349151948167649,0.0,434.0993252539787,432.68652776786047,435.36313641498987,431.97233723724685
1.3800000000000008,0.14915197300847546,-0.18759468872586174,12.211326615198377,6.207389410391727,6.217058275912631,0.0,0.4070561527710382,-0.5161962374429496,3.229781943427911,-0.0570557671704323,-0.08421203592258099,0.0,433.1983460240113,433.9708921770474,433.10011353538516,434.3941654578531
1.4400000000000008,0.1751471601650604,-0.2203585492056951,12.410816300596974,6.203889115204399,6.212192985184725,0.0,0.4599814495927858,-0.5762874448144467,3.419225445024736,-0.06103398897469126,-0.07547958211836787,0.0,475.23711994724755,475.90112817612516,475.38792349649543,475.0808570286926
1.5000000000000009,0.2042759578421355,-0.2566403745609576,12.619532397133346,6.199815089973404,6.207307930485502,0.0,0.511437974019256,-0.633475387008396,3.5375169333867076,-0.08743042559563331,-0.09722464574730588,0.0,455.7343008234937,453.9873849581012,456.7494505074842,454.6356799312442
1.560000000000001,0.23638939776547052,-0.2962158192814307,12.832604597377284,6.194115518372502,6.201913884083325,0.0,0.5595093817258627,-0.6861888369783443,3.5646867984690163,-0.1177754789385493,-0.07825945352924255,0.0,427.25348095131596,428.8601667124926,427.8052174919756,425.2046990704093
1.620000000000001,0.2716254732918756,-0.3392215249647676,13.049011217595755,6.18736864315289,6.197188028960117,0.0,0.6154684205745589,-0.7479931439878559,3.648454277048751,-0.10349980067870962,-0.0797928199931156,0.0,445.7476887413961,445.6174160052129,445.69803825434394,446.8520216562719
1.680000000000001,0.3105322708491715,-0.3863112384478545,13.272913795237683,6.180839213952726,6.192532117397082,0.0,0.6818979225073751,-0.8223145000209494,3.8142495467468445,-0.12245481291982416,-0.07353840279083906,0.0,472.8183407676871,473.29556744865687,471.71100148617245,470.234947430511
1.740000000000001,0.353448517701524,-0.4379230182620202,13.505874580268447,6.173329784788603,6.188326018731942,0.0,0.7490540290100866,-0.8988204716813937,3.950452994539587,-0.13119203887779143,-0.06399110039174487,0.0,464.41233506020797,465.15708618877903,464.74365928042283,464.0447128752575
1.8000000000000012,0.40045909505912314,-0.4942628558993197,13.74673267512199,6.165608745409418,6.184345292166251,0.0,0.8183252053237741,-0.9799429681136524,4.077492763728525,-0.12409286203045687,-0.07152457593021436,0.0,463.705209423303,463.1098899951968,462.6560523095806,463.20025513295803
1.8600000000000012,0.452086927750373,-0.556078990375938,13.998903889052261,6.158262016849456,6.179916653914637,0.0,0.9030377311418083,-1.0813914105202678,4.32703034406514,-0.11934193770780646,-0.0788240693840022,0.0,501.0811262953206,500.54656833669475,499.9675781807162,500.30187313513596
1.9200000000000013,0.5080917892397475,-0.6231798680668001,14.258243007977022,6.150983221944191,6.175227536541476,0.0,0.9641861063225271,-1.1559212614615315,4.317436205524085,-0.12557556224973843,-0.0768412935544001,0.0,423.20795176846866,423.3733999740698,423.84429482689575,423.294020833662
1.9800000000000013,0.5681866944703903,-0.6952965332594891,14.520073017006982,6.143226403876188,6.170353907842255,0.0,1.0393986151095982,-1.2486779826138392,4.4096091081826785,-0.1379589094796491,-0.09187623011371855,0.0,456.97666150513726,455.7712275293457,457.4490842991394,456.44689896241994
2.0400000000000014,0.6326159437927538,-0.7727947249729065,14.784972257476094,6.1348440160560145,6.165149703883394,0.0,1.1086955826670695,-1.3353157830385627,4.420049603462361,-0.14344847197669708,-0.07805577462870161,0.0,430.61085405867817,431.7719659008276,432.77816886684707,432.2970578878248
2.1000000000000014,0.7013505759396271,-0.8557156875958661,15.050940892749741,6.12616814770735,6.1605654521278534,0.0,1.18284681577557,-1.4294731701253593,4.445173861578786,-0.1469986713415564,-0.07329202202951222,0.0,437.213993627664,437.6060354241813,437.5259918531472,437.2103537968407
2.1600000000000015,0.7746710625591984,-0.9445174386765507,15.318816997851338,6.116993442278293,6.156341456684313,0.0,1.261524797664161,-1.5313768601679698,4.483547901174797,-0.16861239348783008,-0.06516855487133887,0.0,442.5530875832994,443.21748230377847,443.1656759986,441.36262853020855
2.2200000000000015,0.8528140379865596,-1.039645306138328,15.58915225607174,6.106638620966805,6.1520464515371245,0.0,1.3435679095924675,-1.6404590116878908,4.527073917260575,-0.18199601366271423,-0.08922798522842897,0.0,447.17464885772523,445.20601532148845,445.0073775028781,443.881509766431
2.2800000000000016,0.9358023376781424,-1.1413018903338805,15.860851665079235,6.095581258602227,6.146249954493037,0.0,1.4231591971667739,-1.7490269190145873,4.52914308604029,-0.18931489318311695,-0.11848804626083694,0.0,434.31348788273795,431.84326161438446,433.33942213944397,432.6896811760007
2.3400000000000016,1.0240432386880969,-1.2501720826095262,16.135234262130307,6.0842331956798965,6.139534785174032,0.0,1.518809899543942,-1.8810042689058875,4.6160393925905705,-0.18877634839767646,-0.10126481704832946,0.0,460.91856179472825,462.2671098970132,461.11085099191587,461.1200298438041
2.4000000000000017,1.1172677093815877,-1.3659750538233488,16.408798117855184,6.073232544363069,6.133352270754223,0.0,1.5891382008063855,-1.979947983369691,4.502802396231538,-0.17425272373803782,-0.10685323619979306,0.0,397.0185619960225,396.49473952787645,394.4995007577292,395.80117510228246
2.4600000000000017,1.2160744741228677,-1.489635154061807,16.683719165262055,6.062345503437658,6.127522174823028,0.0,1.7049415202316291,-2.143030326492357,4.659928439921722,-0.2024375607563764,-0.08268033247628204,0.0,484.55546401241844,486.361982112885,485.33424706971573,483.18419205554636
2.520000000000002,1.3215598022015163,-1.6227805076577366,16.965557668843772,6.04987902692962,6.122246155668019,0.0,1.811626134763924,-2.2962234587058274,4.7337083006052545,-0.22143332629755383,-0.10133006944451844,0.0,462.7763384766508,461.29951342930093,462.7488170155034,461.2096862890583
2.580000000000002,1.4331516965658124,-1.7647971708117225,17.24935471512044,6.036233995348514,6.116161230241914,0.0,1.9085728747041109,-2.4387632658128515,4.725538433776187,-0.24336461765894968,-0.10158654188121115,0.0,438.16790476741596,438.1375165807128,438.03442099048783,436.15337204882826
2.640000000000002,1.5506629643203917,-1.9156071175334528,17.53257038418014,6.0215263110548864,6.1099415167847155,0.0,2.008935753849716,-2.589421432092434,4.714256623410414,-0.24890283911561487,-0.10817013026388578,0.0,439.588296829324,439.032785133171,437.21872831956915,436.6956461482118
2.700000000000002,1.6748104438265903,-2.0764658644139935,17.81779617891985,6.006399988752946,6.10326525534504,0.0,2.1298187076954274,-2.7738146672729345,4.791957744856077,-0.2594164649364093,-0.11832629529974509,0.0,469.0775881585526,468.2777688377637,469.2565891031885,468.3792472796871
2.760000000000002,1.8062219049478572,-2.248506824845844,18.106920082134312,5.990818826062661,6.096529676469615,0.0,2.2510820862873504,-2.962163905521849,4.844225191945155,-0.2602295089161517,-0.1022814211246464,0.0,463.2628095593751,464.5121691380943,463.26437796137355,463.13557108393087
2.820000000000002,1.944450848017149,-2.4312553931318135,18.396121166443848,5.975172193733542,6.090316070236465,0.0,2.356986210234719,-3.130649949185318,4.795067557950891,-0.26189318360829644,-0.10624626935920993,0.0,432.95785532752575,432.61441470100556,432.59980500712345,432.3891421282343
2.880000000000002,2.0905593000044282,-2.626590471714277,18.689177834430488,5.959233912922512,6.084167236536242,0.0,2.5137023246080665,-3.3818445929859835,4.9712696907574605,-0.27441543148690983,-0.09585466562965551,0.0,506.0817074910387,506.8214810450954,506.9099634400978,505.9472204585426
2.940000000000002,2.244423547414973,-2.8345392036989585,18.984310240768423,5.9429614898183445,6.0786214324988315,0.0,2.615486768991875,-3.5509697534187072,4.865920584908298,-0.2654709104184191,-0.08633995926641891,0.0,418.7345840374297,419.5538614828805,419.18325566528347,419.8808537744034
3.000000000000002,2.4048643638743994,-3.0535129607262737,19.274796963184066,5.92693981107111,6.073603817208507,0.0,2.7328457620331155,-3.749333929801326,4.816005542303819,-0.27033157691391213,-0.07869165648243097,0.0,438.86387934163633,439.4925643783918,441.7600523400375,441.2864722598423
3.0600000000000023,2.572458741078666,-3.2847171922184946,19.562329628918427,5.910820246231648,6.069534091908675,0.0,2.85385664111529,-3.9586545973140224,4.7673699884369585,-0.2655157576635594,-0.05203419981014717,0.0,441.03986359276047,443.2328272755771,443.9013212895088,444.2235114802967
3.1200000000000023,2.747960171362606,-3.5297465718804033,19.84934737369497,5.89579564325102,6.0664900451502,0.0,2.996222896256552,-4.210106734720795,4.798289086906473,-0.23047905694221735,-0.04825392168864459,0.0,472.04468832146216,472.334904451728,471.1643072617754,473.80547688233094
3.1800000000000024,2.9306559389236613,-3.7877468201023334,20.13223529369272,5.8823747420952905,6.063430380746777,0.0,3.093816800918689,-4.390917831335114,4.631018044374682,-0.21273375124417726,-0.05712968703991977,0.0,406.0221593618398,405.22289363726816,405.2762861371713,406.8134066776608
3.2400000000000024,3.119454346109991,-4.057161856525515,20.405881288820556,5.869941686372975,6.059730010737427,0.0,3.199653161653588,-4.590520845868588,4.49000536879677,-0.19800934890407734,-0.07280077290099796,0.0,417.03607463475083,415.66151834027414,416.2706579708838,417.51194913637954
3.3000000000000025,3.314943455518387,-4.339265694521734,20.67215573655685,5.8582128248220595,6.055587684054409,0.0,3.3168552382853504,-4.813790377617252,4.385004066438081,-0.1908584009336375,-0.062416966461630856,0.0,430.8366099399721,431.71006751700963,431.1002794121561,431.6656256838948
3.3600000000000025,3.5177385704599957,-4.635358915164194,20.932895691900228,5.846848157242146,6.052379122098088,0.0,3.443082999383422,-5.056783937804483,4.305317911703502,-0.18666741123572295,-0.03984566450463488,0.0,441.5398425405665,443.3964411287703,442.357354751299,442.66734712773064
3.4200000000000026,3.7289725972164396,-4.947732334212329,21.191935513730886,5.836340936551506,6.0505913220011465,0.0,3.597892858897415,-5.356304404729671,4.327635305721936,-0.15861280655410537,-0.014891122107259031,0.0,479.24497283357556,481.1380975394004,478.95018316560885,481.05187069910136
3.4800000000000026,3.9484746519936365,-5.276409486692813,21.448259681114475,5.827261143598253,6.04980148645582,0.0,3.7187367866952115,-5.600327154461505,4.215732894612504,-0.13974620596292714,-0.009915892386240879,0.0,436.7497705956352,437.1647546743972,436.3574482475366,437.9077309442188
3.5400000000000027,4.174991316305856,-5.619476337272026,21.696913135783216,5.819176966329545,6.049134959061423,0.0,3.8317333173857064,-5.835962335239388,4.072152226110181,-0.12624541974116235,-0.0136081719780702,0.0,427.3164591610424,427.0016215308914,426.53613391800053,427.67020646661473
3.6000000000000028,4.40813371026155,-5.976568740032245,21.936323985461637,5.811613503644196,6.0488735522395665,0.0,3.9396055633377824,-6.067861360839553,3.907761570933854,-0.12568529561425823,0.009641858441221798,0.0,419.9869751221043,421.99935057993326,420.26571541344333,420.2988084584334
3.660000000000003,4.648709613096698,-6.349606025263307,22.169451184027597,5.803690505553433,6.049503834802133,0.0,4.079213319598821,-6.367247971708542,3.8618654465137388,-0.14948028323378057,0.012176864708081847,0.0,465.9922478731304,466.1902876164353,465.27189453107417,463.3890525019972
3.720000000000003,4.8972819889217725,-6.74013356982184,22.398433664145806,5.795406864884837,6.050171294884095,0.0,4.206206576712847,-6.651008025394104,3.769791815525129,-0.12168229943855227,0.008931514835915023,0.0,452.388133639648,452.12654061489917,450.5501021411461,452.77465533332895
3.780000000000003,5.153434887598655,-7.147867712792651,22.621769471987747,5.788365828662975,6.050665473136327,0.0,4.33191159422701,-6.9407312855511645,3.6736722691028283,-0.10985955509850233,0.006808284625155277,0.0,454.0511263128746,453.8805881933473,451.750980701879,452.6913921464243
3.840000000000003,5.417083382130454,-7.5731369818089584,22.839181379560284,5.781516769745608,6.050834238313456,0.0,4.456074637532759,-7.235499548420559,3.572311398320207,-0.1245144920557594,-0.006699423319310836,0.0,454.51610272014454,453.4318993865281,454.1939796810288,453.0052912002617
3.900000000000003,5.688984798822126,-8.017964288788177,23.053466386202587,5.774715668399157,6.0508155633161955,0.0,4.606861395239131,-7.592417852519907,3.5686156919677865,-0.09724146078213064,0.010111010261537188,0.0,489.64924001610717,490.89857771350324,489.9218263778208,491.93543226729946
3.960000000000003,5.968819570981863,-8.482173693472154,23.26339893543891,5.769400081853899,6.051562173331561,0.0,4.720681253479593,-7.881884409572962,3.428258958321441,-0.07531365644744327,0.01674199483307124,0.0,445.8435372742672,446.3850316690263,446.2856674351473,448.0657190732019
4.020000000000002,6.255884846320726,-8.964845317121297,23.46643891848946,5.765153608461038,6.052793481723949,0.0,4.8477312578926,-8.207641568855635,3.338521404375825,-0.06297041067629934,0.027173970560646316,0.0,466.8743734584684,467.6877989686515,466.51273635897604,467.47220213472747
4.080000000000001,6.549478574656527,-9.46503538175396,23.660131129846512,5.761580668193156,6.054965898091851,0.0,4.938499885724169,-8.466277504938333,3.117614859822756,-0.05346235567934493,0.049947578000607666,0.0,420.6602835101168,422.62907120791743,419.8059687614975,420.6277249640317
4.14,6.848348057193104,-9.980679447316636,23.840076078566426,5.758495722713423,6.058192433107486,0.0,5.0235362841571805,-8.722871434521078,2.8804028730532623,-0.047609470955662904,0.06050078897474767,0.0,414.05326212276594,414.98310368959227,415.46630740619594,415.9774357111081
4.199999999999998,7.153233943029748,-10.514071337904035,24.00945773676061,5.756045583518244,6.0627677997606035,0.0,5.138655022172255,-9.057490570551261,2.7646669316694554,-0.029903712448106447,0.09678328327180066,0.0,461.02647076701606,463.8891917187887,460.346948652668,461.7454081216245
4.259999999999997,7.46467935204788,-11.06722242690929,24.1709315547589,5.754454758504991,6.068841291571573,0.0,5.2421157319011575,-9.381669698689658,2.6171018051026773,-0.02047548341235703,0.10888176714963177,0.0,451.30588714312,452.2902672460086,452.6166759541364,453.3749228358985
4.319999999999996,7.782427567637175,-11.640569505355709,24.324407953449967,5.753261086919471,6.075123584835126,0.0,5.348622099378627,-9.730623812685602,2.497886164284205,-0.018757304705726213,0.0946777001786202,0.0,465.03484999104506,463.9295071144794,464.20423462636177,464.33913605673047
4.379999999999995,8.1062739099338,-12.23471268609836,24.470051094198414,5.752311562938225,6.081875344911635,0.0,5.445450666493728,-10.07499925490502,2.3560984510695846,-0.010526403291213087,0.134796658935449,0.0,456.1961619610147,459.3994672602006,458.7222118626849,459.3756652632933
4.439999999999993,8.435478408221584,-12.849009880258087,24.605861983650545,5.751368064592755,6.08956607917996,0.0,5.5272119042127965,-10.402676376489755,2.1704671633175128,-0.02895004656287407,0.10972056354917042,0.0,444.865147245541,442.82105046759324,445.0928380383811,443.58201038310364
4.499999999999992,8.769582427856621,-13.483590897381836,24.731101298147806,5.75008339438954,6.096687412058618,0.0,5.608788740158487,-10.75109646671491,2.0034136260165956,-0.009490410234876179,0.13234547160708954,0.0,451.5783429568314,453.4123991473684,451.4596610906883,453.02754823211853
4.559999999999991,9.108160569640777,-14.138617085821494,24.84501230579632,5.749531369234768,6.104468908807323,0.0,5.676387982474489,-11.084420694065729,1.7931996289516998,-0.008626647341202824,0.12377831595748637,0.0,438.0505485240349,437.3529508375391,438.3455679605464,438.4174882023846
4.6199999999999894,9.450899471137065,-14.814639905494518,24.947450829553357,5.748919227190026,6.111959330634836,0.0,5.7474005637809435,-11.450888927679944,1.6206438103071061,-0.01355634002600388,0.1268820784241572,0.0,453.58427085778163,453.8473451567112,452.9542413217803,452.5576132334561
4.679999999999988,9.797822395439324,-15.513188769799129,25.039857104698935,5.747524197537089,6.120626579472972,0.0,5.815741286123619,-11.835333678939278,1.458629862135206,-0.06303120461498701,0.16649278570542334,0.0,457.77102901579696,460.9308647999711,460.6815884875447,456.7510431729599
4.739999999999987,10.14901983603724,-16.236277275817315,25.124362828132956,5.743476821848759,6.130582870570535,0.0,5.889507106788742,-12.268778403874926,1.3565089787520688,-0.07822500976686654,0.1648068476887474,0.0,483.04243622440026,482.9391326242427,483.0417677637044,481.8911623547207
4.799999999999986,10.503378805601207,-16.982239425166913,25.1967590053642,5.738526123118149,6.140576742430355,0.0,5.921705904335293,-12.598538158865457,1.0562094805068045,-0.09286453264702221,0.16986222351616043,0.0,413.6815410563826,414.15534445861636,414.129306643507,412.83288070336476
4.859999999999984,10.860096826518136,-17.750511587505347,25.254537772247808,5.7330231943593954,6.150847366276061,0.0,5.967760816307636,-13.012107493525162,0.8682054046500669,-0.08951261315588871,0.17368154440504713,0.0,458.4957555529596,458.82629076913923,457.44229571819375,457.7024145926233
4.919999999999983,11.219692495422134,-18.545297354829227,25.302954995949886,5.727257176976918,6.16122976750124,0.0,6.017410000567889,-13.482150959315351,0.7435106529275571,-0.11444161576569273,0.171727018328377,0.0,483.8036372100444,483.68251332916276,485.82969566366637,483.94897810686166
4.979999999999982,11.581449877652854,-19.366184153643605,25.33959021736049,5.720487313215106,6.171842294479243,0.0,6.040196775997805,-13.882674093906774,0.47622917291296785,-0.10979287642718098,0.18556330588750253,0.0,437.82318126401725,439.00367952084343,437.9160238581255,438.2911655928205
5.0399999999999805,11.944528128740359,-20.21226212545478,25.361095662561628,5.714204525702458,6.183967789875158,0.0,6.0612200998057135,-14.321842855587668,0.23882998878307685,-0.09611934808266664,0.2232625268351721,0.0,452.03541207012194,455.10181565717033,452.34684795541295,453.4375598441485
